{"personajes": ["Arturo", "Claude", "Fermín", "González", "Lola", "Lourdes", "Madre de Susana", "María Laura", "Mateo", "Padre de Susana", "Ramiro", "Socorro", "Susana (narradora)"], "matrix": [[45, 936, 346, 490, 501, 983, 972, 607, 715, 843, 951, 936, 987], [936, 77, 341, 490, 623, 1205, 1123, 669, 791, 985, 1125, 1052, 1202], [346, 341, 14, 282, 162, 375, 375, 282, 242, 311, 341, 341, 375], [490, 490, 282, 11, 306, 534, 490, 534, 370, 490, 490, 534, 534], [501, 623, 162, 306, 17, 647, 647, 500, 582, 624, 647, 624, 647], [983, 1205, 375, 534, 647, 443, 1315, 778, 881, 1152, 1191, 1196, 1512], [972, 1123, 375, 490, 647, 1315, 85, 696, 871, 1121, 1120, 1111, 1296], [607, 669, 282, 534, 500, 778, 696, 33, 499, 670, 705, 705, 780], [715, 791, 242, 370, 582, 881, 871, 499, 34, 808, 810, 796, 866], [843, 985, 311, 490, 624, 1152, 1121, 670, 808, 61, 973, 1018, 1137], [951, 1125, 341, 490, 647, 1191, 1120, 705, 810, 973, 61, 1086, 1195], [936, 1052, 341, 534, 624, 1196, 1111, 705, 796, 1018, 1086, 72, 1199], [987, 1202, 375, 534, 647, 1512, 1296, 780, 866, 1137, 1195, 1199, 638]], "menciones": {"Arturo": 45, "Claude": 77, "Fermín": 14, "González": 11, "Lola": 17, "Lourdes": 443, "Madre de Susana": 85, "María Laura": 33, "Mateo": 34, "Padre de Susana": 61, "Ramiro": 61, "Socorro": 72, "Susana (narradora)": 638}}